State, National, Alabama, Alaska, Arizona, Arkansas, California, Colorado, Connecticut, Delaware, District of Columbia, Florida, Georgia, Hawaii, Idaho, Illinois, Indiana, Iowa, Kansas, Kentucky, Louisiana, Maine, Maryland, Massachusetts, Michigan, Minnesota, Mississippi, Missouri, Montana, Nebraska, Nevada, New Hampshire, New Jersey, New Mexico, New York, North Carolina, North Dakota, Ohio, Oklahoma, Oregon, Pennsylvania, Rhode Island, South Carolina, South Dakota, Tennessee, Texas, Utah, Vermont, Virginia, Washington, West Virginia, Wisconsin, Wyoming, 
National, 0.0, 5.405761391395619, 5.208455386428333, 2.6357084096239833, 5.025948822400113, 5.6569476585833645, 3.8230956861153365, 3.9232108000864994, 3.741975417727696, 16.4553291944029, 3.8099517618562273, 3.383459971845644, 8.640902477628027, 5.445995265349201, 1.8243520614459543, 4.413953702250101, 5.01859653773586, 3.395724608389481, 5.254569218884902, 4.979481364501958, 7.059812291916, 4.63644960656394, 5.047197914830721, 4.240178129541256, 4.016213687756038, 6.320690083616103, 3.8092163595593225, 5.78380057307674, 3.940213548194388, 3.439570363851818, 6.002678369551258, 4.4320271155675535, 5.488075404207315, 6.345739498019795, 2.890341316767459, 5.553497379766417, 3.974114228550645, 4.216542183178062, 2.626846928602507, 3.339070340471653, 3.866401400512477, 4.1203330337575945, 5.518518303439309, 3.9151897414926546, 4.268977296758087, 7.146942673712183, 6.086929621558081, 4.034074619168808, 3.2037457083723577, 6.972290350133234, 4.776645145313768, 6.021369670659476, 
Alabama, 5.405761391395619, 0.0, 7.912792969278076, 6.086866367194048, 2.425325284741715, 10.339914349811067, 8.069906469977653, 7.941022780390032, 4.3750187320534, 19.45897565093067, 6.187307184442272, 4.105503415933978, 11.960710435154969, 6.014668490447414, 6.35163014937251, 4.022485819248394, 6.018495498253798, 5.223839285807916, 2.6787016006490845, 3.4774139880917163, 6.950420689783381, 8.431571359932096, 9.296409659704702, 4.4617250736072105, 7.173348830997903, 2.521334571901838, 3.8410026011741234, 6.219450564661821, 6.277159318747388, 7.062233584439035, 8.046128878614732, 9.176722525898374, 6.963014192914528, 10.222595142814553, 2.7696121479189326, 7.891970315697291, 4.121459698875999, 3.8718504564764746, 6.018591490453867, 5.431947045139085, 7.461939249453116, 1.533321220290503, 6.348094103906364, 2.0914344647996943, 7.415018516695457, 9.632071144669915, 6.864256079897357, 6.968817519855127, 7.438271252062445, 4.389037827130762, 6.4612146672688, 6.997434289030678, 
Alaska, 5.208455386428333, 7.912792969278076, 0.0, 5.601488742243158, 7.078759993084725, 7.592682611242715, 4.458740078097083, 7.54531752857724, 6.87691158811419, 17.94523079819453, 7.492123244811847, 5.629065381196971, 8.423332745461995, 5.444294531859243, 6.155112598220788, 6.975361224013199, 6.857685818585633, 5.419432023345854, 7.683924492005628, 6.757926594553043, 8.870383865562657, 6.3689824870631, 8.128869741877715, 7.762238148533831, 5.946250107934261, 8.283899930786184, 6.17176209906735, 6.198703558216977, 5.195869374418515, 5.140679202973525, 8.065404477470956, 7.48788553731821, 7.611475567662119, 9.339985366974465, 6.125984693301802, 5.66166324569561, 7.141974938300417, 5.320382221077075, 5.2959636457941786, 6.989109102762673, 7.694999003133649, 6.913916392078335, 6.05554955461178, 6.584558360061745, 5.46814031250691, 6.5608132438874565, 8.532877748885701, 5.406898014791873, 4.339206995167658, 8.886869862172682, 7.281106292759406, 4.970502317088475, 
Arizona, 2.6357084096239833, 6.086866367194048, 5.601488742243158, 0.0, 5.2241113709009905, 6.066443545623976, 4.502281751707254, 5.3383746183076415, 4.750329681385787, 17.710167191457423, 3.289549351989425, 4.792636348260745, 8.917423876266607, 5.187466200962819, 4.040585006532508, 5.366248948998242, 5.689206026659289, 4.080110006221985, 5.934316033613034, 5.546473035942494, 7.010845099806543, 6.125903197923448, 6.55267818567608, 5.283962133611812, 5.5861467768921855, 6.83563138289013, 4.564756353984982, 5.472470886567663, 4.543237572309274, 3.0288616755349937, 6.671556409725743, 6.007179598005585, 3.3041495303862116, 7.794128851313675, 3.9665582985096632, 6.245012424610066, 5.0431883199083245, 4.023454920047541, 3.4042803071692527, 4.555497621722054, 4.8439790642200515, 4.832080790841399, 5.735162809186974, 4.832152314102532, 4.138728511713025, 7.856483583647089, 6.544329579896235, 5.126957909580559, 4.2009381003154695, 6.790514999256876, 5.791523011122526, 5.668633298472388, 
Arkansas, 5.025948822400113, 2.425325284741715, 7.078759993084725, 5.2241113709009905, 0.0, 10.045571182700394, 7.527876751161848, 7.974359279638413, 5.114451838325297, 20.205625711914607, 6.000537528678482, 4.682037652459977, 11.649260259379398, 4.4101627398275, 6.085017827960806, 2.9636828393392483, 4.698892964784992, 4.03158199459461, 1.7179820996989048, 3.4927522441750813, 6.409602215643409, 8.896278458988943, 9.46733559060719, 4.0682765948435735, 6.502153893677097, 3.2399029583819394, 2.8744330908367846, 4.864463394579952, 4.93591120054628, 6.177689743906118, 7.769281296194874, 9.205211420479493, 6.169108542392004, 10.250611283937266, 2.996815734684046, 6.693196592175155, 3.4569452280386925, 2.1064013747870023, 5.1539093111180945, 5.025738827742403, 7.347472422545027, 2.3381468535318604, 4.695400212167541, 1.8956192934898533, 6.774710152028168, 9.035615852227059, 6.581417968044389, 7.333266619955097, 6.856995276912887, 3.179931438928591, 5.4383357690363985, 5.5146349031016815, 
California, 5.6569476585833645, 10.339914349811067, 7.592682611242715, 6.066443545623976, 10.045571182700394, 0.0, 6.421746385630603, 6.6044182220869665, 8.397045338037936, 15.224232710961216, 6.985897261781619, 7.203444888486371, 6.986082851160109, 9.564822351046212, 5.612859960509243, 9.446986733790265, 9.93592016494487, 8.445541746918305, 10.37521984804939, 9.131385386411178, 11.680280161311257, 6.293327813529116, 6.339234696144406, 9.240064945728761, 8.122163013200678, 10.615967792308854, 9.326730056764099, 10.690079814377773, 8.62318097884481, 4.979600144286119, 9.836108001808014, 4.409081929117429, 7.854973443965957, 6.1347842809345, 8.172737885190156, 9.651350899484086, 9.340145159015574, 8.960063887435604, 7.095447745045693, 8.41625298826791, 6.67836262285649, 9.313581438447168, 10.31601632369968, 9.182639065752632, 5.077976083673881, 8.283549214194968, 10.632432915224284, 7.106104343884158, 6.215245567998234, 12.065788937983047, 9.44026626354572, 10.35417820333522, 
Colorado, 3.8230956861153365, 8.069906469977653, 4.458740078097083, 4.502281751707254, 7.527876751161848, 6.421746385630603, 0.0, 4.90300243959773, 6.03274144662222, 15.91461811829316, 6.2139041685628875, 5.517266084653732, 9.241418729715145, 6.034455585017761, 4.242406272050441, 6.544774221785229, 6.355618294543799, 4.567084652943675, 7.5946015579449515, 7.785014974040649, 7.92464176338139, 4.270655508962583, 5.186698637571025, 6.649583789713819, 4.312316963941152, 9.165150914714815, 5.707708972632896, 6.307596421554379, 4.617394906029953, 5.125746192738799, 5.973254187703319, 5.133339581895054, 7.295370442836117, 7.772014311961581, 5.39360961483038, 5.939288648802682, 6.182202868894373, 6.220708619356722, 3.3555299074579485, 5.534020975635695, 5.562269798236704, 6.732687344533347, 6.627319304608795, 6.367215272807915, 5.530880952695472, 6.207195469347293, 7.041319344572465, 3.199231224579005, 1.8754969420683074, 9.161345334099405, 6.12695780940019, 6.09986199608171, 
Connecticut, 3.9232108000864994, 7.941022780390032, 7.54531752857724, 5.3383746183076415, 7.974359279638413, 6.6044182220869665, 4.90300243959773, 0.0, 4.422711253942169, 15.679074821475632, 5.2707361060403155, 6.521785596532236, 9.221422648406586, 7.84210667442466, 3.6132972109003343, 6.639669989727225, 6.144836264181447, 5.4400391372043435, 7.820180169410399, 8.162299652817714, 7.079262739496385, 3.938097136524803, 2.4732614918950353, 5.355997666699458, 4.360285803909436, 9.268935405704891, 5.876129740041585, 7.2354800462868925, 5.692849397284117, 6.577159687314351, 4.4264860747521, 3.414912414841813, 8.080595433459857, 6.413683824579908, 5.640850934905955, 6.593821037828214, 5.70599133192133, 7.4679499765848805, 4.626999432510086, 3.811151418973094, 2.7639286826834994, 6.630993414805095, 7.3136596685438375, 6.624021828388771, 7.407854762259983, 8.513548353120385, 5.426524858188026, 4.663338624963837, 4.485394668213993, 9.083314070465137, 5.676566960021093, 7.734759923802756, 
Delaware, 3.741975417727696, 4.3750187320534, 6.87691158811419, 4.750329681385787, 5.114451838325297, 8.397045338037936, 6.03274144662222, 4.422711253942169, 0.0, 17.492326921255444, 4.060952455891912, 4.557089551973623, 9.772341094930933, 6.409236082042973, 4.720005874963814, 5.211596715938672, 5.59832198736006, 4.7725387125331205, 5.289842330934863, 5.379617205481625, 5.4867323980636575, 5.143008725316688, 5.9503654819005085, 4.291670905683306, 5.4944395356056335, 6.024726254415646, 3.946617525632907, 5.479016243888878, 5.530051385630286, 6.190720597042512, 5.156622135378946, 6.248944653578504, 6.692945412394566, 8.179971208845286, 3.0956882811027246, 6.681482236410282, 4.345225379860947, 5.126752052648958, 4.6530469794480736, 3.413132109915626, 4.653004240941753, 3.2173753870973756, 6.228149933417184, 3.878285716049173, 7.129716058218693, 9.089797358739327, 4.686147525037577, 4.374695917211995, 5.359453553374578, 6.141990931944315, 5.857527978203461, 6.273456092354598, 
District of Columbia, 16.4553291944029, 19.45897565093067, 17.94523079819453, 17.710167191457423, 20.205625711914607, 15.224232710961216, 15.91461811829316, 15.679074821475632, 17.492326921255444, 0.0, 17.46592394906208, 16.84561447124982, 17.813927942690952, 20.672233287824216, 15.762308925068131, 19.56866225538406, 19.884280986189612, 18.651300479032983, 19.949880231334795, 18.42964721328729, 20.719973366278136, 14.018188518751199, 13.567227097008471, 18.836339003209154, 17.420693263061803, 19.869268091025777, 18.888035767505098, 20.275877966542733, 18.647257556802096, 17.507705557527093, 18.47119953635762, 14.672471463290611, 18.922453416493404, 12.245904869969161, 17.773482169146277, 18.041508795197903, 18.47796653162242, 19.703013337098117, 17.182158854056095, 17.37543501160743, 15.498829581740402, 18.678837547599922, 20.10760394634023, 18.87970136311963, 17.544602347616067, 18.663060088470647, 18.875708044521787, 15.53526124719047, 16.367293335808007, 21.553254521544, 18.662604837764498, 20.586626964799706, 
Florida, 3.8099517618562273, 6.187307184442272, 7.492123244811847, 3.289549351989425, 6.000537528678482, 6.985897261781619, 6.2139041685628875, 5.2707361060403155, 4.060952455891912, 17.46592394906208, 0.0, 5.722910882408247, 8.854651666879107, 7.061999399410804, 4.932219596585928, 6.6639767703432025, 6.94695518749941, 5.928093268947079, 6.484603038472597, 6.234751621085677, 6.760312887955455, 6.172138233693095, 6.481277333416411, 6.081236973686769, 6.764989084996751, 7.383347475719376, 5.548470224620993, 6.253507875027489, 6.413116758532646, 4.1785446944292275, 6.826146410687444, 5.879640922846494, 4.851607649843785, 7.0775074442949135, 4.656830458583092, 7.602350796467643, 5.840177673016415, 5.652113518968684, 4.62493435603754, 4.673205617586407, 5.168557718515137, 5.0252898441179905, 7.133809896867176, 5.4181692254529885, 6.220257382319286, 10.01985681765853, 6.427028057250369, 5.639532595018428, 5.485372257763387, 6.670850401391841, 6.942267890422195, 7.081994805883241, 
Georgia, 3.383459971845644, 4.105503415933978, 5.629065381196971, 4.792636348260745, 4.682037652459977, 7.203444888486371, 5.517266084653732, 6.521785596532236, 4.557089551973623, 16.84561447124982, 5.722910882408247, 0.0, 10.067762834912898, 6.044196871039887, 4.131976086663417, 4.853203167956306, 6.63336382396671, 4.877074542321689, 4.93713364149414, 3.712936122276698, 8.577600968582448, 5.733037088896091, 7.3185736807499335, 5.442845689679733, 5.979820268588647, 4.574320353493457, 4.751209767394086, 7.180060767493113, 5.702409145554904, 4.899903500875438, 8.10606560485188, 6.521744551892369, 6.41185565829944, 8.020970950977945, 2.716791409141331, 7.378805292065173, 5.054131401934169, 4.312035655783541, 4.924605580280523, 5.587892511225828, 6.478276201740332, 3.561420424633526, 6.895934703248887, 3.496307978729065, 4.3670155867450395, 7.232495523410977, 7.896111654707818, 4.713514966235755, 5.257300700213566, 7.347766668879503, 6.604004203527821, 7.172399123833692, 
Hawaii, 8.640902477628027, 11.960710435154969, 8.423332745461995, 8.917423876266607, 11.649260259379398, 6.986082851160109, 9.241418729715145, 9.221422648406586, 9.772341094930933, 17.813927942690952, 8.854651666879107, 10.067762834912898, 0.0, 11.382735475002308, 9.193816325901533, 11.5762596515008, 11.463838527831127, 10.65533816876745, 12.200467248633027, 11.404037236635672, 12.138904775621219, 8.638475662482525, 9.161670387881095, 11.331357566042081, 10.062252902137024, 12.66498311755373, 10.934416571577444, 11.177326760958774, 10.605425500288904, 7.444031356697277, 10.795421241022025, 8.021453709644131, 10.85563410035476, 9.173864004767715, 10.39909014625871, 10.751709289438732, 11.226065869381983, 10.735332855210027, 9.045475829970114, 10.18046385647149, 9.387067235343732, 10.932143232283428, 11.352727734904208, 11.041083959745249, 9.555797809938515, 11.848506495854469, 11.754858961637721, 8.849332986925305, 7.982454217923701, 12.961381012365349, 11.190327907087765, 11.131369657386045, 
Idaho, 5.445995265349201, 6.014668490447414, 5.444294531859243, 5.187466200962819, 4.4101627398275, 9.564822351046212, 6.034455585017761, 7.84210667442466, 6.409236082042973, 20.672233287824216, 7.061999399410804, 6.044196871039887, 11.382735475002308, 0.0, 6.684278500698508, 4.587122670421891, 4.928299869885853, 3.763235013460521, 4.542573778345789, 6.048939688648657, 5.830457717597857, 8.75869690068574, 9.11648896315078, 5.693799550889299, 6.307136282749973, 6.608715739312886, 4.278239784191218, 4.092320919211773, 4.462256566659461, 6.174712338444296, 6.646909170339471, 9.053320081109266, 6.779707336926526, 10.887559996845336, 4.863261733245461, 6.395927728708938, 5.377982632238744, 3.2904235830832596, 4.620227724702605, 6.137085752141408, 7.41106223516414, 5.336536282737082, 4.897553881106697, 4.518042636776248, 6.459092959510174, 6.122349145952047, 6.1767557088504415, 7.032209108460353, 5.798468742948339, 5.459009782329378, 6.232416479137791, 3.215145777664268, 
Illinois, 1.8243520614459543, 6.35163014937251, 6.155112598220788, 4.040585006532508, 6.085017827960806, 5.612859960509243, 4.242406272050441, 3.6132972109003343, 4.720005874963814, 15.762308925068131, 4.932219596585928, 4.131976086663417, 9.193816325901533, 6.684278500698508, 0.0, 4.787213458684909, 5.255549171781692, 4.002203298886137, 6.098191535423087, 5.894428829148003, 8.126218446683684, 4.599538697755227, 4.6255998790703545, 4.455643860100725, 3.5082027751620073, 7.174626753286731, 4.594475541643554, 6.938284303138404, 4.262868799923878, 4.5049760547029685, 6.532680941111785, 3.725152416954866, 6.711602438922696, 5.762547026749652, 3.980026174654946, 5.684907250574544, 4.291145763344449, 5.4865710285870035, 3.585845371727645, 3.5564856705092383, 4.027511755560712, 5.196221580172057, 6.0472373381476086, 4.890557251105407, 4.866682803357131, 7.565497055006507, 6.8536558716799, 4.7188841910843875, 3.800501617370362, 8.077289147166505, 4.517164804782505, 7.208109159880017, 
Indiana, 4.413953702250101, 4.022485819248394, 6.975361224013199, 5.366248948998242, 2.9636828393392483, 9.446986733790265, 6.544774221785229, 6.639669989727225, 5.211596715938672, 19.56866225538406, 6.6639767703432025, 4.853203167956306, 11.5762596515008, 4.587122670421891, 4.787213458684909, 0.0, 2.822913522339336, 2.409501900062314, 2.7444101293283354, 5.0716032984926285, 6.4994208547680445, 8.125723821524245, 8.238871389120634, 2.163376648289205, 4.400627729918153, 5.039725995506367, 2.1103838569251927, 5.1844337359607735, 3.39228072151094, 6.544223192875271, 6.5985924166835686, 8.085247968810986, 7.2601645714380005, 9.812090732028338, 3.1373124081181776, 5.702880206439711, 1.9088656767794878, 3.4034168881081417, 4.382395809806403, 3.9486208725973233, 6.377925993526714, 3.440435758738351, 4.031244131495577, 2.532229386477725, 6.78286071017033, 8.003021771607, 6.059705071438575, 6.789698550898428, 5.911355897104956, 5.111184907726745, 3.245423179756317, 5.778202442671454, 
Iowa, 5.01859653773586, 6.018495498253798, 6.857685818585633, 5.689206026659289, 4.698892964784992, 9.93592016494487, 6.355618294543799, 6.144836264181447, 5.59832198736006, 19.884280986189612, 6.94695518749941, 6.63336382396671, 11.463838527831127, 4.928299869885853, 5.255549171781692, 2.822913522339336, 0.0, 2.2778174974144543, 4.736910147147295, 6.621591380673862, 5.742439615686241, 8.114751654469234, 7.958975295551438, 2.9459821287130645, 3.3758892422780864, 7.112117711730094, 2.515713622156716, 4.030753696782015, 2.148803237912941, 7.1317971101761035, 5.539572525473818, 8.093518369105459, 7.833575450004652, 10.037973870124581, 4.747573379347252, 3.9109551270394767, 2.6708789895768223, 4.423904285244341, 4.474552180349819, 3.3337956367986137, 6.177515333617059, 5.068773948944058, 2.3266291643538777, 4.466596645831105, 7.826023339995958, 8.703898002881397, 5.251224473328713, 7.083185715056765, 5.739221653437776, 5.629272055434485, 1.930569551578119, 4.702224655029592, 
Kansas, 3.395724608389481, 5.223839285807916, 5.419432023345854, 4.080110006221985, 4.03158199459461, 8.445541746918305, 4.567084652943675, 5.4400391372043435, 4.7725387125331205, 18.651300479032983, 5.928093268947079, 4.877074542321689, 10.65533816876745, 3.763235013460521, 4.002203298886137, 2.409501900062314, 2.2778174974144543, 0.0, 4.140942769768224, 5.550351806637526, 5.864817716130016, 6.781211528735655, 6.976110056465923, 2.944900778927054, 3.0816969406815877, 6.29461566264602, 1.8740022761667383, 3.936610290326041, 1.4685468519866964, 5.617413945354951, 5.352976509959076, 7.02854646029987, 6.468830635692222, 9.093747073649848, 3.2334085270274286, 4.1888820059709415, 2.4500395830667814, 3.227383461699247, 2.9107625962709607, 3.2081651602834973, 5.334415403750117, 4.076743471347956, 3.128428123359977, 3.387114827789445, 6.021114937383068, 7.0701271418421605, 5.2442610157829606, 5.434387344323214, 4.1751063979465055, 5.747108281583399, 2.80800439247918, 4.259959066919712, 
Kentucky, 5.254569218884902, 2.6787016006490845, 7.683924492005628, 5.934316033613034, 1.7179820996989048, 10.37521984804939, 7.5946015579449515, 7.820180169410399, 5.289842330934863, 19.949880231334795, 6.484603038472597, 4.93713364149414, 12.200467248633027, 4.542573778345789, 6.098191535423087, 2.7444101293283354, 4.736910147147295, 4.140942769768224, 0.0, 4.292679674747487, 6.063796408715112, 8.985450224226074, 9.1751523504975, 3.8046912782070814, 6.4073505988442285, 3.8637552593398197, 2.9912608987977465, 5.211414421344717, 5.2108239498566595, 6.853500017858907, 7.327895463853435, 9.170691607306496, 7.27564808225987, 10.117492285692709, 3.085234729856934, 7.043111138039263, 3.2519722417129917, 3.280906568293292, 5.049854783605919, 4.981835865926781, 7.2167283420004456, 2.7022350265772843, 5.260239194729187, 1.77671495465189, 7.43360683430587, 8.726560242558994, 6.093829605292234, 7.396097785631524, 6.9141978854536, 3.3586165818121265, 5.378054908563893, 6.00500014963238, 
Louisiana, 4.979481364501958, 3.4774139880917163, 6.757926594553043, 5.546473035942494, 3.4927522441750813, 9.131385386411178, 7.785014974040649, 8.162299652817714, 5.379617205481625, 18.42964721328729, 6.234751621085677, 3.712936122276698, 11.404037236635672, 6.048939688648657, 5.894428829148003, 5.0716032984926285, 6.621591380673862, 5.550351806637526, 4.292679674747487, 0.0, 8.503372466510703, 8.220980874238602, 9.219319415414224, 5.733752156336913, 7.4376586890033005, 2.331640923979731, 4.809174007255794, 6.829641350138901, 6.163755617134418, 5.952080136942312, 9.248835257568798, 8.778668580843418, 5.852159898977798, 8.97384357102678, 3.833992006620363, 7.09700914415384, 5.227393075462537, 3.4609393739587495, 6.330514485079579, 5.959978696536184, 7.3270066828931775, 3.5707531650977784, 6.203421273243023, 3.716791402129256, 5.747318591019816, 9.040270417571918, 8.047355339259896, 7.432989931712151, 7.4475384415250225, 5.630347821150248, 7.014500987064625, 6.797148497087995, 
Maine, 7.059812291916, 6.950420689783381, 8.870383865562657, 7.010845099806543, 6.409602215643409, 11.680280161311257, 7.92464176338139, 7.079262739496385, 5.4867323980636575, 20.719973366278136, 6.760312887955455, 8.577600968582448, 12.138904775621219, 5.830457717597857, 8.126218446683684, 6.4994208547680445, 5.742439615686241, 5.864817716130016, 6.063796408715112, 8.503372466510703, 0.0, 9.085992289816492, 8.489954630396529, 5.811221772588372, 7.245495321020162, 8.726945883000203, 5.181463264166163, 3.9160841794364463, 6.51181322729958, 8.813405314625932, 3.82675317599721, 9.674871947882572, 8.753577105214275, 11.30625981320049, 6.175193258033465, 7.516920069212766, 5.821652264149648, 6.58882129910355, 5.7728227215242365, 5.4121354636659404, 6.770785254292806, 6.0734759236554705, 6.43729107560523, 6.009181339696357, 10.309498003544194, 10.11951709093619, 2.3606146862215676, 7.556454921118666, 7.238971279264626, 5.157309569888591, 6.76606525540689, 5.375192055140118, 
Maryland, 4.63644960656394, 8.431571359932096, 6.3689824870631, 6.125903197923448, 8.896278458988943, 6.293327813529116, 4.270655508962583, 3.938097136524803, 5.143008725316688, 14.018188518751199, 6.172138233693095, 5.733037088896091, 8.638475662482525, 8.75869690068574, 4.599538697755227, 8.125723821524245, 8.114751654469234, 6.781211528735655, 8.985450224226074, 8.220980874238602, 9.085992289816492, 0.0, 3.7987032805981307, 7.5270101607833375, 5.663905962010487, 9.589839141114425, 7.157295102495299, 8.350085005858755, 6.93611650859174, 6.488743850218635, 6.744018613794474, 3.608906806115949, 8.585321921049749, 6.560037256634497, 6.174951949603989, 7.546492542755202, 7.371013375258893, 8.06147233637855, 5.719024683215736, 5.982165110843186, 5.424433727821827, 7.211780230192331, 8.581502214452689, 7.396233952175296, 6.8942030645479395, 8.486340606709048, 7.792421408096572, 2.870795484101205, 4.351250192473537, 10.506611221411514, 7.669247615073201, 8.425585706912212, 
Massachusetts, 5.047197914830721, 9.296409659704702, 8.128869741877715, 6.55267818567608, 9.46733559060719, 6.339234696144406, 5.186698637571025, 2.4732614918950353, 5.9503654819005085, 13.567227097008471, 6.481277333416411, 7.3185736807499335, 9.161670387881095, 9.11648896315078, 4.6255998790703545, 8.238871389120634, 7.958975295551438, 6.976110056465923, 9.1751523504975, 9.219319415414224, 8.489954630396529, 3.7987032805981307, 0.0, 7.089898921114866, 5.7638631028089975, 10.50111647724809, 7.466911622653075, 8.703003794301063, 7.200270452531877, 7.3411611806296015, 5.627489908453863, 3.477498036062056, 9.2006174205418, 5.367649771221573, 6.912047038661872, 7.670722630191738, 7.246917032237475, 8.889420940276327, 5.534941327258207, 5.509318655316972, 3.2977752516558176, 8.027758517931296, 8.931963175305027, 8.00236749046449, 8.145983339525083, 8.698701326248425, 6.666350544702324, 4.983696209056227, 4.995873223367058, 10.615370377645657, 7.266689151984982, 9.113027717006323, 
Michigan, 4.240178129541256, 4.4617250736072105, 7.762238148533831, 5.283962133611812, 4.0682765948435735, 9.240064945728761, 6.649583789713819, 5.355997666699458, 4.291670905683306, 18.836339003209154, 6.081236973686769, 5.442845689679733, 11.331357566042081, 5.693799550889299, 4.455643860100725, 2.163376648289205, 2.9459821287130645, 2.944900778927054, 3.8046912782070814, 5.733752156336913, 5.811221772588372, 7.5270101607833375, 7.089898921114866, 0.0, 4.228905992055703, 5.792450929571039, 2.4267174539088017, 5.4185335488430395, 3.8658372575729065, 6.981170441733871, 5.493310051972709, 7.452842811854212, 7.285028521283117, 9.200680723908363, 3.33680887810659, 5.759209427195164, 1.5652378444346515, 4.567259437575952, 4.4010962858625735, 2.7308638306781727, 4.971708354000966, 3.618399755999989, 4.626110269171833, 3.291282277433554, 7.484881590199548, 8.73434998036365, 4.879252493538888, 6.508080396610335, 5.957446780870903, 5.5164250200758715, 2.9386551963431295, 6.399746361682764, 
Minnesota, 4.016213687756038, 7.173348830997903, 5.946250107934261, 5.5861467768921855, 6.502153893677097, 8.122163013200678, 4.312316963941152, 4.360285803909436, 5.4944395356056335, 17.420693263061803, 6.764989084996751, 5.979820268588647, 10.062252902137024, 6.307136282749973, 3.5082027751620073, 4.400627729918153, 3.3758892422780864, 3.0816969406815877, 6.4073505988442285, 7.4376586890033005, 7.245495321020162, 5.663905962010487, 5.7638631028089975, 4.228905992055703, 0.0, 8.404394819104905, 3.9960058722071907, 5.679372196125993, 2.6486141484462276, 6.443247870670019, 5.300520200704871, 5.638291543480908, 8.461497521138227, 8.240734134476233, 4.998876680280867, 4.021561507774234, 3.8958840943415605, 5.842774374063014, 3.7847552291105346, 3.4107793515986744, 5.360830361140699, 5.95139502379494, 4.447680419243413, 5.435797443265779, 7.062833268742723, 7.897529660107797, 6.168688339316214, 5.194899993148823, 3.7573834175452574, 8.033987683441463, 2.673544768540662, 6.03511142241186, 
Mississippi, 6.320690083616103, 2.521334571901838, 8.283899930786184, 6.83563138289013, 3.2399029583819394, 10.615967792308854, 9.165150914714815, 9.268935405704891, 6.024726254415646, 19.869268091025777, 7.383347475719376, 4.574320353493457, 12.66498311755373, 6.608715739312886, 7.174626753286731, 5.039725995506367, 7.112117711730094, 6.29461566264602, 3.8637552593398197, 2.331640923979731, 8.726945883000203, 9.589839141114425, 10.50111647724809, 5.792450929571039, 8.404394819104905, 0.0, 5.275061196798298, 7.564154958073641, 7.172810144507196, 7.491105012460933, 9.849119476369836, 10.156536034625807, 6.96308790316748, 10.676022508863525, 4.3152233684383585, 8.50179863448624, 5.530876682190049, 4.227704217228635, 7.396189285220423, 6.852447901449873, 8.459266770566956, 3.5309433777270476, 7.057812021522134, 3.7419046333806274, 7.178734330745205, 9.830566189217805, 8.516089489216737, 8.474777624908967, 8.724335572890862, 5.4029196522959, 7.614936670115197, 7.791976177807968, 
Missouri, 3.8092163595593225, 3.8410026011741234, 6.17176209906735, 4.564756353984982, 2.8744330908367846, 9.326730056764099, 5.707708972632896, 5.876129740041585, 3.946617525632907, 18.888035767505098, 5.548470224620993, 4.751209767394086, 10.934416571577444, 4.278239784191218, 4.594475541643554, 2.1103838569251927, 2.515713622156716, 1.8740022761667383, 2.9912608987977465, 4.809174007255794, 5.181463264166163, 7.157295102495299, 7.466911622653075, 2.4267174539088017, 3.9960058722071907, 5.275061196798298, 0.0, 3.4934823793705516, 2.732969618884204, 6.061778468337193, 5.502434539004279, 7.666616738129064, 6.5888765519422465, 9.246574125730731, 2.4897954051484654, 4.613647931765874, 1.46628648409644, 2.883278058792402, 3.4557183641479963, 2.744683334274331, 5.612529025474096, 2.7185076009697315, 3.1337275754634275, 2.2372693381050612, 6.859373304367431, 8.350362044234416, 4.766170931990549, 5.709165576155887, 5.048280101006666, 4.334505524177516, 3.117298149159223, 4.486636502145328, 
Montana, 5.78380057307674, 6.219450564661821, 6.198703558216977, 5.472470886567663, 4.864463394579952, 10.690079814377773, 6.307596421554379, 7.2354800462868925, 5.479016243888878, 20.275877966542733, 6.253507875027489, 7.180060767493113, 11.177326760958774, 4.092320919211773, 6.938284303138404, 5.1844337359607735, 4.030753696782015, 3.936610290326041, 5.211414421344717, 6.829641350138901, 3.9160841794364463, 8.350085005858755, 8.703003794301063, 5.4185335488430395, 5.679372196125993, 7.564154958073641, 3.4934823793705516, 0.0, 4.013091593005805, 6.935260839667872, 5.367449676834544, 9.162646453497189, 7.178467852846806, 10.701869337775081, 5.139418737293418, 4.817320698810532, 4.678451834916619, 4.189059412023024, 4.472078751854443, 4.686105791166183, 7.021454307433214, 5.16060651991562, 3.39228498182115, 4.918986079101839, 8.374733975601306, 9.270183619403001, 4.590400953504457, 6.6985311134028676, 5.737428596781951, 4.442106078100369, 5.201616621051525, 2.371577657228484, 
Nebraska, 3.940213548194388, 6.277159318747388, 5.195869374418515, 4.543237572309274, 4.93591120054628, 8.62318097884481, 4.617394906029953, 5.692849397284117, 5.530051385630286, 18.647257556802096, 6.413116758532646, 5.702409145554904, 10.605425500288904, 4.462256566659461, 4.262868799923878, 3.39228072151094, 2.148803237912941, 1.4685468519866964, 5.2108239498566595, 6.163755617134418, 6.51181322729958, 6.93611650859174, 7.200270452531877, 3.8658372575729065, 2.6486141484462276, 7.172810144507196, 2.732969618884204, 4.013091593005805, 0.0, 5.8238918057596125, 5.8134269529880775, 7.133878730554257, 6.891323717277358, 9.113178628739062, 4.363065105100889, 3.0294127566049442, 3.2200214258900868, 3.8769324952102315, 3.46667469896469, 3.4894900250902166, 5.768804797727326, 5.118719116234047, 2.3711537491222985, 4.516522252029474, 6.33886738969245, 7.622414845326215, 5.86898460791809, 5.9090202154452065, 4.293161733453322, 6.40625533338712, 2.5187295387273694, 4.138456055797062, 
Nevada, 3.439570363851818, 7.062233584439035, 5.140679202973525, 3.0288616755349937, 6.177689743906118, 4.979600144286119, 5.125746192738799, 6.577159687314351, 6.190720597042512, 17.507705557527093, 4.1785446944292275, 4.899903500875438, 7.444031356697277, 6.174712338444296, 4.5049760547029685, 6.544223192875271, 7.1317971101761035, 5.617413945354951, 6.853500017858907, 5.952080136942312, 8.813405314625932, 6.488743850218635, 7.3411611806296015, 6.981170441733871, 6.443247870670019, 7.491105012460933, 6.061778468337193, 6.935260839667872, 5.8238918057596125, 0.0, 8.387191962313228, 5.746507857179535, 4.986441603884105, 7.0376839837217, 5.193692040170902, 7.152686912261945, 6.5099278109081045, 4.9746623257344265, 4.356840045335401, 6.1177509359343825, 6.432885676451627, 6.025860063548065, 6.877468504069872, 5.820320067802618, 3.38481245232708, 8.040405627504308, 8.50302693321009, 5.843579139176482, 4.43654862889029, 7.97124916337933, 7.086179498604635, 6.78662202461215, 
New Hampshire, 6.002678369551258, 8.046128878614732, 8.065404477470956, 6.671556409725743, 7.769281296194874, 9.836108001808014, 5.973254187703319, 4.4264860747521, 5.156622135378946, 18.47119953635762, 6.826146410687444, 8.10606560485188, 10.795421241022025, 6.646909170339471, 6.532680941111785, 6.5985924166835686, 5.539572525473818, 5.352976509959076, 7.327895463853435, 9.248835257568798, 3.82675317599721, 6.744018613794474, 5.627489908453863, 5.493310051972709, 5.300520200704871, 9.849119476369836, 5.502434539004279, 5.367449676834544, 5.8134269529880775, 8.387191962313228, 0.0, 7.251885862640363, 9.303723622209668, 9.751369242263037, 6.2156639537611085, 6.8298273985473745, 5.779082143504076, 7.486035723018445, 4.838511322683904, 4.63314925240404, 4.93956555365685, 6.818569008644302, 6.828221928996857, 6.645288758508598, 9.603673664865703, 8.717029689640892, 2.668442065661065, 5.738911404637778, 5.398112129310003, 7.860727042073665, 5.904375630566732, 6.268257508253918, 
New Jersey, 4.4320271155675535, 9.176722525898374, 7.48788553731821, 6.007179598005585, 9.205211420479493, 4.409081929117429, 5.133339581895054, 3.414912414841813, 6.248944653578504, 14.672471463290611, 5.879640922846494, 6.521744551892369, 8.021453709644131, 9.053320081109266, 3.725152416954866, 8.085247968810986, 8.093518369105459, 7.02854646029987, 9.170691607306496, 8.778668580843418, 9.674871947882572, 3.608906806115949, 3.477498036062056, 7.452842811854212, 5.638291543480908, 10.156536034625807, 7.666616738129064, 9.162646453497189, 7.133878730554257, 5.746507857179535, 7.251885862640363, 0.0, 8.696231974448299, 5.069218382825103, 6.838868545871274, 8.05300198145044, 7.542756388407, 8.485591323936276, 5.728376653958237, 6.048222480546371, 5.049578748900493, 7.986759305646523, 8.911600678481932, 7.86555649142071, 6.428404888178034, 8.519937367370908, 8.363423478123815, 5.189270418033576, 4.746508817652683, 10.822733195020852, 7.454629021971456, 9.256717945536654, 
New Mexico, 5.488075404207315, 6.963014192914528, 7.611475567662119, 3.3041495303862116, 6.169108542392004, 7.854973443965957, 7.295370442836117, 8.080595433459857, 6.692945412394566, 18.922453416493404, 4.851607649843785, 6.41185565829944, 10.85563410035476, 6.779707336926526, 6.711602438922696, 7.2601645714380005, 7.833575450004652, 6.468830635692222, 7.27564808225987, 5.852159898977798, 8.753577105214275, 8.585321921049749, 9.2006174205418, 7.285028521283117, 8.461497521138227, 6.96308790316748, 6.5888765519422465, 7.178467852846806, 6.891323717277358, 4.986441603884105, 9.303723622209668, 8.696231974448299, 0.0, 9.645762297326478, 5.886222988722562, 8.22541017148353, 7.0743879068961215, 5.145394273096116, 6.4234820940081905, 6.946192352719573, 7.119963225492099, 6.193906098136826, 7.408821705319838, 6.50900989859051, 5.174592805676789, 9.815467952060871, 8.5637693847228, 7.707318898580477, 7.343891102487443, 7.411690235410718, 8.10849868693776, 7.249057386251931, 
New York, 6.345739498019795, 10.222595142814553, 9.339985366974465, 7.794128851313675, 10.250611283937266, 6.1347842809345, 7.772014311961581, 6.413683824579908, 8.179971208845286, 12.245904869969161, 7.0775074442949135, 8.020970950977945, 9.173864004767715, 10.887559996845336, 5.762547026749652, 9.812090732028338, 10.037973870124581, 9.093747073649848, 10.117492285692709, 8.97384357102678, 11.30625981320049, 6.560037256634497, 5.367649771221573, 9.200680723908363, 8.240734134476233, 10.676022508863525, 9.246574125730731, 10.701869337775081, 9.113178628739062, 7.0376839837217, 9.751369242263037, 5.069218382825103, 9.645762297326478, 0.0, 8.385506548872536, 8.9774828996171, 8.902155951381697, 9.78742621690344, 7.462749080738208, 7.490664592597768, 6.1104880552099194, 9.269501154556727, 10.323508881880029, 9.22043870449145, 8.183508702250501, 10.854861724631856, 9.809956937190416, 7.9401208198816615, 7.341854638792538, 11.420102308426955, 9.159935396410454, 11.0190821041516, 
North Carolina, 2.890341316767459, 2.7696121479189326, 6.125984693301802, 3.9665582985096632, 2.996815734684046, 8.172737885190156, 5.39360961483038, 5.640850934905955, 3.0956882811027246, 17.773482169146277, 4.656830458583092, 2.716791409141331, 10.39909014625871, 4.863261733245461, 3.980026174654946, 3.1373124081181776, 4.747573379347252, 3.2334085270274286, 3.085234729856934, 3.833992006620363, 6.175193258033465, 6.174951949603989, 6.912047038661872, 3.33680887810659, 4.998876680280867, 4.3152233684383585, 2.4897954051484654, 5.139418737293418, 4.363065105100889, 5.193692040170902, 6.2156639537611085, 6.838868545871274, 5.886222988722562, 8.385506548872536, 0.0, 6.287751545097955, 2.862842910363878, 3.136082349203921, 3.5197464270728203, 3.634202603730671, 5.34683848830318, 1.5158760368737594, 5.31254775443103, 1.4385001301062215, 5.680795778097031, 7.815063067296184, 5.620323144857304, 4.654989188227503, 4.830221573072134, 5.1948241157630255, 4.906410657490882, 5.8059951916303145, 
North Dakota, 5.553497379766417, 7.891970315697291, 5.66166324569561, 6.245012424610066, 6.693196592175155, 9.651350899484086, 5.939288648802682, 6.593821037828214, 6.681482236410282, 18.041508795197903, 7.602350796467643, 7.378805292065173, 10.751709289438732, 6.395927728708938, 5.684907250574544, 5.702880206439711, 3.9109551270394767, 4.1888820059709415, 7.043111138039263, 7.09700914415384, 7.516920069212766, 7.546492542755202, 7.670722630191738, 5.759209427195164, 4.021561507774234, 8.50179863448624, 4.613647931765874, 4.817320698810532, 3.0294127566049442, 7.152686912261945, 6.8298273985473745, 8.05300198145044, 8.22541017148353, 8.9774828996171, 6.287751545097955, 0.0, 4.985456142087091, 5.624316382184243, 5.227276845189574, 4.46076241157492, 6.418952031663681, 6.784820077798629, 2.8869213813465406, 6.448586528109856, 7.999988494053166, 9.290909591812415, 6.6393115856811304, 7.149371466070453, 5.638178049845848, 7.5045295826097655, 3.9482781175558417, 4.824873505085895, 
Ohio, 3.974114228550645, 4.121459698875999, 7.141974938300417, 5.0431883199083245, 3.4569452280386925, 9.340145159015574, 6.182202868894373, 5.70599133192133, 4.345225379860947, 18.47796653162242, 5.840177673016415, 5.054131401934169, 11.226065869381983, 5.377982632238744, 4.291145763344449, 1.9088656767794878, 2.6708789895768223, 2.4500395830667814, 3.2519722417129917, 5.227393075462537, 5.821652264149648, 7.371013375258893, 7.246917032237475, 1.5652378444346515, 3.8958840943415605, 5.530876682190049, 1.46628648409644, 4.678451834916619, 3.2200214258900868, 6.5099278109081045, 5.779082143504076, 7.542756388407, 7.0743879068961215, 8.902155951381697, 2.862842910363878, 4.985456142087091, 0.0, 3.8977831074564406, 3.7984972274746673, 2.4456202521128416, 5.340272416092296, 3.1478501101708987, 3.8217674113684468, 2.701046942279698, 7.261592109326376, 8.855779993216764, 5.068035944139203, 6.161579998015924, 5.470652455224995, 4.931605940880201, 2.4879768895962875, 5.817704860526235, 
Oklahoma, 4.216542183178062, 3.8718504564764746, 5.320382221077075, 4.023454920047541, 2.1064013747870023, 8.960063887435604, 6.220708619356722, 7.4679499765848805, 5.126752052648958, 19.703013337098117, 5.652113518968684, 4.312035655783541, 10.735332855210027, 3.2904235830832596, 5.4865710285870035, 3.4034168881081417, 4.423904285244341, 3.227383461699247, 3.280906568293292, 3.4609393739587495, 6.58882129910355, 8.06147233637855, 8.889420940276327, 4.567259437575952, 5.842774374063014, 4.227704217228635, 2.883278058792402, 4.189059412023024, 3.8769324952102315, 4.9746623257344265, 7.486035723018445, 8.485591323936276, 5.145394273096116, 9.78742621690344, 3.136082349203921, 5.624316382184243, 3.8977831074564406, 0.0, 4.407461355862099, 4.935699314552723, 6.899118719197987, 3.2046984892112453, 3.8926652086306164, 2.7590323902250167, 5.4124769154266605, 7.902964144263144, 6.646054207241413, 6.557789178620297, 5.756559945393242, 4.336662228867452, 5.27774298003984, 4.155283597148687, 
Oregon, 2.626846928602507, 6.018591490453867, 5.2959636457941786, 3.4042803071692527, 5.1539093111180945, 7.095447745045693, 3.3555299074579485, 4.626999432510086, 4.6530469794480736, 17.182158854056095, 4.62493435603754, 4.924605580280523, 9.045475829970114, 4.620227724702605, 3.585845371727645, 4.382395809806403, 4.474552180349819, 2.9107625962709607, 5.049854783605919, 6.330514485079579, 5.7728227215242365, 5.719024683215736, 5.534941327258207, 4.4010962858625735, 3.7847552291105346, 7.396189285220423, 3.4557183641479963, 4.472078751854443, 3.46667469896469, 4.356840045335401, 4.838511322683904, 5.728376653958237, 6.4234820940081905, 7.462749080738208, 3.5197464270728203, 5.227276845189574, 3.7984972274746673, 4.407461355862099, 0.0, 3.4801451330522535, 4.45824421282313, 4.647086160458097, 5.0226420871361785, 4.130131723286041, 5.888243561534317, 7.127533142779682, 5.123338577643625, 4.177804451267793, 2.352653290249254, 6.450919766339315, 4.327157117116732, 5.134315987677199, 
